           T_045     T_049    RR_002     T_057     T_019     T_023     T_048     T_052     T_056    RR_003     T_009     T_073     T_016     T_087     T_079     T_093     T_010     T_091     T_044     T_046
T_045  1.0000000 0.9115938 0.8880444 0.8677869 0.9134261 0.9243542 0.9224597 0.8974209 0.9195058 0.8786524 0.8942769 0.8957247 0.9279535 0.8843842 0.8781451 0.8864702 0.9231631 0.8516754 0.8823564 0.8939144
T_049  0.9115938 1.0000000 0.9166873 0.8941136 0.9247313 0.9252837 0.9348829 0.9158654 0.9249146 0.9104329 0.9154007 0.9075106 0.9317806 0.9122301 0.8991339 0.9159792 0.9329465 0.8807954 0.9112429 0.8982426
RR_002 0.8880444 0.9166873 1.0000000 0.9156824 0.9194828 0.8913787 0.9325187 0.9456337 0.9014529 0.9397293 0.9285992 0.8837956 0.9228723 0.9450820 0.9183213 0.9443958 0.9233963 0.9137478 0.9468528 0.8792725
T_057  0.8677869 0.8941136 0.9156824 1.0000000 0.8929129 0.8732947 0.9078897 0.9086318 0.8868033 0.9007039 0.8981368 0.8638051 0.8989802 0.9067926 0.8902778 0.9100446 0.9018345 0.8763850 0.9098483 0.8594734
T_019  0.9134261 0.9247313 0.9194828 0.8929129 1.0000000 0.9207719 0.9368365 0.9178132 0.9168074 0.9057853 0.9217646 0.8975205 0.9335033 0.9142144 0.8965748 0.9165796 0.9356404 0.8815507 0.9142301 0.8885323
T_023  0.9243542 0.9252837 0.8913787 0.8732947 0.9207719 1.0000000 0.9264972 0.8927094 0.9285192 0.8859876 0.9036313 0.9092519 0.9347551 0.8899997 0.8781258 0.8947495 0.9324208 0.8525266 0.8835351 0.8976181
T_048  0.9224597 0.9348829 0.9325187 0.9078897 0.9368365 0.9264972 1.0000000 0.9357226 0.9365520 0.9247929 0.9336003 0.9132096 0.9436652 0.9285394 0.9134294 0.9377987 0.9451319 0.8972904 0.9301503 0.9076654
T_052  0.8974209 0.9158654 0.9456337 0.9086318 0.9178132 0.8927094 0.9357226 1.0000000 0.9061770 0.9299649 0.9255136 0.8830194 0.9255319 0.9358512 0.9137825 0.9352173 0.9259808 0.9062191 0.9386099 0.8818866
T_056  0.9195058 0.9249146 0.9014529 0.8868033 0.9168074 0.9285192 0.9365520 0.9061770 1.0000000 0.8956409 0.9064719 0.9195148 0.9349259 0.9006679 0.8942315 0.9050450 0.9313162 0.8664492 0.8990459 0.9116162
RR_003 0.8786524 0.9104329 0.9397293 0.9007039 0.9057853 0.8859876 0.9247929 0.9299649 0.8956409 1.0000000 0.9169408 0.8819257 0.9096254 0.9265669 0.9029276 0.9306123 0.9124616 0.9005374 0.9354153 0.8719499
T_009  0.8942769 0.9154007 0.9285992 0.8981368 0.9217646 0.9036313 0.9336003 0.9255136 0.9064719 0.9169408 1.0000000 0.8904846 0.9282133 0.9216090 0.9006727 0.9259067 0.9277099 0.8992262 0.9202532 0.8739612
T_073  0.8957247 0.9075106 0.8837956 0.8638051 0.8975205 0.9092519 0.9132096 0.8830194 0.9195148 0.8819257 0.8904846 1.0000000 0.9080711 0.8801337 0.8675563 0.8876360 0.9100348 0.8509003 0.8792255 0.8937058
T_016  0.9279535 0.9317806 0.9228723 0.8989802 0.9335033 0.9347551 0.9436652 0.9255319 0.9349259 0.9096254 0.9282133 0.9080711 1.0000000 0.9168676 0.9048479 0.9206154 0.9478991 0.8847835 0.9150751 0.9046378
T_087  0.8843842 0.9122301 0.9450820 0.9067926 0.9142144 0.8899997 0.9285394 0.9358512 0.9006679 0.9265669 0.9216090 0.8801337 0.9168676 1.0000000 0.9104219 0.9336534 0.9186810 0.8989859 0.9330044 0.8760163
T_079  0.8781451 0.8991339 0.9183213 0.8902778 0.8965748 0.8781258 0.9134294 0.9137825 0.8942315 0.9029276 0.9006727 0.8675563 0.9048479 0.9104219 1.0000000 0.9133623 0.9038368 0.8771721 0.9089594 0.8651580
T_093  0.8864702 0.9159792 0.9443958 0.9100446 0.9165796 0.8947495 0.9377987 0.9352173 0.9050450 0.9306123 0.9259067 0.8876360 0.9206154 0.9336534 0.9133623 1.0000000 0.9236322 0.9011484 0.9328753 0.8765014
T_010  0.9231631 0.9329465 0.9233963 0.9018345 0.9356404 0.9324208 0.9451319 0.9259808 0.9313162 0.9124616 0.9277099 0.9100348 0.9478991 0.9186810 0.9038368 0.9236322 1.0000000 0.8844214 0.9183981 0.9023443
T_091  0.8516754 0.8807954 0.9137478 0.8763850 0.8815507 0.8525266 0.8972904 0.9062191 0.8664492 0.9005374 0.8992262 0.8509003 0.8847835 0.8989859 0.8771721 0.9011484 0.8844214 1.0000000 0.9050602 0.8397649
T_044  0.8823564 0.9112429 0.9468528 0.9098483 0.9142301 0.8835351 0.9301503 0.9386099 0.8990459 0.9354153 0.9202532 0.8792255 0.9150751 0.9330044 0.9089594 0.9328753 0.9183981 0.9050602 1.0000000 0.8752639
T_046  0.8939144 0.8982426 0.8792725 0.8594734 0.8885323 0.8976181 0.9076654 0.8818866 0.9116162 0.8719499 0.8739612 0.8937058 0.9046378 0.8760163 0.8651580 0.8765014 0.9023443 0.8397649 0.8752639 1.0000000
T_047  0.8864954 0.8986209 0.8926098 0.8712014 0.8991708 0.8906567 0.9088580 0.8939425 0.8946665 0.8802205 0.8887741 0.8755529 0.9044280 0.8899062 0.8746740 0.8891392 0.9077826 0.8558443 0.8784550 0.8683285
T_011  0.8819713 0.9087900 0.9528372 0.9104412 0.9070960 0.8830440 0.9210743 0.9425922 0.8919292 0.9321077 0.9185397 0.8703053 0.9157855 0.9388236 0.9123258 0.9330599 0.9162112 0.9059693 0.9377377 0.8709311
           T_047     T_011     T_012     T_015     T_051     T_053     T_054     T_021     T_020     T_018     T_055     T_022     T_058     T_024     T_092     T_025     T_059     T_094    RR_005     T_043
T_045  0.8864954 0.8819713 0.9169041 0.9230184 0.8948591 0.8897212 0.8873425 0.9268176 0.8844064 0.9092726 0.9078066 0.9056518 0.9092897 0.9037640 0.8642479 0.8867349 0.8713470 0.8917531 0.8944111 0.9218788
T_049  0.8986209 0.9087900 0.9338304 0.9274954 0.9072437 0.9175906 0.9193751 0.9276996 0.9136890 0.9296740 0.9247974 0.9254687 0.9214519 0.9174454 0.8934480 0.9165629 0.8863314 0.9173764 0.9204589 0.9347366
RR_002 0.8926098 0.9528372 0.9271274 0.9049114 0.8893982 0.9402901 0.9391436 0.9127658 0.9473244 0.9395600 0.9260600 0.9295165 0.9123897 0.9156254 0.9167036 0.9497828 0.8820081 0.9350948 0.9555911 0.9285975
T_057  0.8712014 0.9104412 0.9006114 0.8879552 0.8727864 0.9073505 0.9082309 0.8902707 0.9112860 0.9114899 0.8966854 0.9062937 0.8929241 0.8926878 0.8783345 0.9120458 0.8604717 0.8977672 0.9171318 0.9029936
T_019  0.8991708 0.9070960 0.9308708 0.9255834 0.9009113 0.9162059 0.9173887 0.9276898 0.9135648 0.9253244 0.9272626 0.9190633 0.9205457 0.9149902 0.8907872 0.9164122 0.8852654 0.9100329 0.9206749 0.9346579
T_023  0.8906567 0.8830440 0.9308325 0.9382382 0.9053897 0.8960595 0.8957079 0.9355123 0.8895434 0.9151498 0.9116791 0.9138697 0.9161817 0.9097458 0.8695756 0.8920607 0.8744182 0.9014653 0.8958491 0.9240300
T_048  0.9088580 0.9210743 0.9397273 0.9337217 0.9146050 0.9285640 0.9362555 0.9392491 0.9296115 0.9436323 0.9351128 0.9333466 0.9424810 0.9346906 0.9024396 0.9298150 0.8992356 0.9295506 0.9358709 0.9469080
T_052  0.8939425 0.9425922 0.9286400 0.9088157 0.8939676 0.9364444 0.9309086 0.9167684 0.9343060 0.9370512 0.9256909 0.9277343 0.9150906 0.9142772 0.9083113 0.9402732 0.8850047 0.9244549 0.9465577 0.9311365
T_056  0.8946665 0.8919292 0.9295697 0.9321936 0.9062540 0.9058590 0.9061165 0.9318848 0.9056405 0.9292462 0.9159194 0.9227850 0.9208884 0.9244343 0.8784518 0.9025991 0.8805859 0.9166110 0.9059256 0.9282694
RR_003 0.8802205 0.9321077 0.9170356 0.8968672 0.8813334 0.9274850 0.9338360 0.9007331 0.9349344 0.9348119 0.9099218 0.9191300 0.9095788 0.9085077 0.9044259 0.9355714 0.8780778 0.9244773 0.9362614 0.9168457
T_009  0.8887741 0.9185397 0.9289403 0.9130542 0.8922216 0.9229381 0.9237918 0.9191992 0.9211981 0.9254239 0.9208689 0.9189994 0.9162970 0.9148158 0.8979300 0.9267190 0.8826700 0.9133368 0.9270854 0.9315411
T_073  0.8755529 0.8703053 0.9077123 0.9070412 0.8865639 0.8862445 0.8905946 0.9123651 0.8879356 0.9068118 0.8954492 0.9039909 0.9021412 0.9050420 0.8591736 0.8842990 0.8616812 0.8964651 0.8860470 0.9089140
T_016  0.9044280 0.9157855 0.9448869 0.9366849 0.9129949 0.9243081 0.9184805 0.9471793 0.9180769 0.9357835 0.9297981 0.9276717 0.9298645 0.9241774 0.8946226 0.9210834 0.8912197 0.9207874 0.9285664 0.9388503
T_087  0.8899062 0.9388236 0.9192164 0.9018080 0.8862980 0.9296509 0.9351206 0.9070934 0.9314597 0.9341760 0.9189975 0.9258297 0.9121741 0.9119117 0.9020326 0.9408552 0.8770194 0.9250263 0.9434980 0.9195587
T_079  0.8746740 0.9123258 0.9072611 0.8914404 0.8765757 0.9104082 0.9065054 0.8966439 0.9113818 0.9153211 0.8967013 0.9091223 0.8970001 0.8967189 0.8835723 0.9122137 0.8602230 0.9056104 0.9212818 0.9074418
T_093  0.8891392 0.9330599 0.9245324 0.9058043 0.8929097 0.9307092 0.9334110 0.9136882 0.9348582 0.9342533 0.9219732 0.9253166 0.9157650 0.9145820 0.9055843 0.9377021 0.8814896 0.9230577 0.9405234 0.9257877
T_010  0.9077826 0.9162112 0.9442846 0.9363853 0.9134960 0.9239071 0.9217025 0.9417764 0.9191750 0.9343489 0.9310342 0.9286278 0.9312823 0.9264175 0.8964460 0.9222962 0.8931846 0.9236114 0.9299248 0.9413339
T_091  0.8558443 0.9059693 0.8931318 0.8650669 0.8532915 0.9039467 0.8991742 0.8757741 0.9052119 0.9002722 0.8912452 0.8905728 0.8784951 0.8771232 0.8815282 0.9095358 0.8555015 0.8858430 0.9101717 0.9110282
T_044  0.8784550 0.9377377 0.9206402 0.8995192 0.8812477 0.9284532 0.9354762 0.9046076 0.9436443 0.9365598 0.9166930 0.9163456 0.9143230 0.9106618 0.9061967 0.9376663 0.8784061 0.9230028 0.9419942 0.9207422
T_046  0.8683285 0.8709311 0.8999941 0.9021385 0.8811482 0.8795816 0.8825064 0.9011707 0.8788204 0.9013329 0.8894174 0.8950399 0.8966102 0.8943131 0.8567585 0.8754678 0.8516512 0.8887249 0.8811348 0.9001206
T_047  1.0000000 0.8898370 0.9065855 0.8965733 0.8791997 0.8933501 0.8885903 0.9033112 0.8846083 0.9024226 0.8977704 0.8979988 0.8936823 0.8909044 0.8655361 0.8897170 0.8586640 0.8867034 0.9000638 0.9068766
T_011  0.8898370 1.0000000 0.9216413 0.8968692 0.8847967 0.9353185 0.9308752 0.9065756 0.9392603 0.9364355 0.9158123 0.9244844 0.9054929 0.9082054 0.9077202 0.9441758 0.8745294 0.9277259 0.9508152 0.9194253
           T_028     T_082     T_083     T_095     T_089
T_045  0.8953545 0.9095960 0.9216067 0.8838800 0.9100384
T_049  0.9166147 0.9185094 0.9308992 0.9063542 0.9189363
RR_002 0.9205538 0.9123073 0.9248315 0.9192368 0.9034284
T_057  0.8905366 0.8893641 0.8994331 0.8891949 0.8820300
T_019  0.9127533 0.9151968 0.9255097 0.9039890 0.9127081
T_023  0.9041118 0.9166193 0.9235566 0.8932306 0.9228115
T_048  0.9289314 0.9386604 0.9433298 0.9213767 0.9288481
T_052  0.9187880 0.9150548 0.9267228 0.9145702 0.9015249
T_056  0.9197086 0.9242265 0.9260201 0.9072912 0.9317684
RR_003 0.9121536 0.9098913 0.9114784 0.9130786 0.8984129
T_009  0.9107385 0.9133767 0.9207748 0.9069298 0.9042455
T_073  0.8993891 0.9039259 0.9065051 0.8905921 0.9088305
T_016  0.9184703 0.9259705 0.9411207 0.9101677 0.9232884
T_087  0.9198557 0.9027888 0.9223249 0.9170706 0.9012402
T_079  0.8982096 0.8918250 0.9083321 0.8967381 0.8933481
T_093  0.9159628 0.9112703 0.9188741 0.9181906 0.9043524
T_010  0.9209309 0.9281342 0.9374245 0.9138557 0.9254566
T_091  0.8801293 0.8761926 0.8831199 0.8779944 0.8619539
T_044  0.9150010 0.9089403 0.9164360 0.9144158 0.8962727
T_046  0.8947787 0.8964769 0.8995989 0.8823302 0.9011734
T_047  0.8858139 0.8922254 0.9047660 0.8737922 0.8866049
T_011  0.9149323 0.9000116 0.9162329 0.9154340 0.8924093
 [ reached getOption("max.print") -- omitted 23 rows ]
